
    # Automated Data Analysis Report

    ## Correlation Matrix
    The correlation matrix is shown below, displaying relationships between numerical features.
    |               |        date |   language |       type |       title |          by |     overall |     quality |   repeatability |
|:--------------|------------:|-----------:|-----------:|------------:|------------:|------------:|------------:|----------------:|
| date          |  1          |  0.0125352 | 0.0114549  | -0.00889617 | -0.0108254  |  0.00492327 | -0.00828898 |      -0.0137107 |
| language      |  0.0125352  |  1         | 0.0377617  | -0.0434661  |  0.275348   | -0.208572   | -0.221872   |      -0.013668  |
| type          |  0.0114549  |  0.0377617 | 1          |  0.0705435  |  0.00188607 |  0.0231905  |  0.0128913  |       0.120762  |
| title         | -0.00889617 | -0.0434661 | 0.0705435  |  1          |  0.0175696  |  0.0118284  |  0.00520808 |       0.0197304 |
| by            | -0.0108254  |  0.275348  | 0.00188607 |  0.0175696  |  1          | -0.127891   | -0.140348   |      -0.0338543 |
| overall       |  0.00492327 | -0.208572  | 0.0231905  |  0.0118284  | -0.127891   |  1          |  0.825935   |       0.5126    |
| quality       | -0.00828898 | -0.221872  | 0.0128913  |  0.00520808 | -0.140348   |  0.825935   |  1          |       0.312127  |
| repeatability | -0.0137107  | -0.013668  | 0.120762   |  0.0197304  | -0.0338543  |  0.5126     |  0.312127   |       1         |

## PCA Analysis

The PCA plot is visualized as the first two components representing the data in reduced dimensions.

## Clustering (KMeans)

Clustering identified 3 clusters in the dataset.
