
    # Automated Data Analysis Report

    ## Correlation Matrix
    The correlation matrix is shown below, displaying relationships between numerical features.
    |                                  |   Country name |        year |   Life Ladder |   Log GDP per capita |   Social support |   Healthy life expectancy at birth |   Freedom to make life choices |   Generosity |   Perceptions of corruption |   Positive affect |   Negative affect |
|:---------------------------------|---------------:|------------:|--------------:|---------------------:|-----------------:|-----------------------------------:|-------------------------------:|-------------:|----------------------------:|------------------:|------------------:|
| Country name                     |     1          | -0.00470422 |   -0.00996655 |           -0.0112101 |        0.112585  |                         -0.0274315 |                      0.0193711 |    0.0837128 |                  0.00188384 |         0.046644  |        -0.13843   |
| year                             |    -0.00470422 |  1          |    0.0518789  |            0.0823901 |       -0.0473879 |                          0.148761  |                      0.222288  |    0.015047  |                 -0.0788599  |         0.0326276 |         0.21005   |
| Life Ladder                      |    -0.00996655 |  0.0518789  |    1          |            0.782024  |        0.705701  |                          0.720177  |                      0.52655   |    0.203733  |                 -0.416765   |         0.495811  |        -0.324474  |
| Log GDP per capita               |    -0.0112101  |  0.0823901  |    0.782024   |            1         |        0.673451  |                          0.827149  |                      0.349111  |    0.0203353 |                 -0.325389   |         0.236181  |        -0.248098  |
| Social support                   |     0.112585   | -0.0473879  |    0.705701   |            0.673451  |        1         |                          0.588855  |                      0.382328  |    0.0752742 |                 -0.217912   |         0.395183  |        -0.415148  |
| Healthy life expectancy at birth |    -0.0274315  |  0.148761   |    0.720177   |            0.827149  |        0.588855  |                          1         |                      0.338588  |    0.0419701 |                 -0.278563   |         0.21606   |        -0.14072   |
| Freedom to make life choices     |     0.0193711  |  0.222288   |    0.52655    |            0.349111  |        0.382328  |                          0.338588  |                      1         |    0.324466  |                 -0.436295   |         0.549567  |        -0.244505  |
| Generosity                       |     0.0837128  |  0.015047   |    0.203733   |            0.0203353 |        0.0752742 |                          0.0419701 |                      0.324466  |    1         |                 -0.286881   |         0.291417  |        -0.0818151 |
| Perceptions of corruption        |     0.00188384 | -0.0788599  |   -0.416765   |           -0.325389  |       -0.217912  |                         -0.278563  |                     -0.436295  |   -0.286881  |                  1          |        -0.264639  |         0.234692  |
| Positive affect                  |     0.046644   |  0.0326276  |    0.495811   |            0.236181  |        0.395183  |                          0.21606   |                      0.549567  |    0.291417  |                 -0.264639   |         1         |        -0.283774  |
| Negative affect                  |    -0.13843    |  0.21005    |   -0.324474   |           -0.248098  |       -0.415148  |                         -0.14072   |                     -0.244505  |   -0.0818151 |                  0.234692   |        -0.283774  |         1         |

## PCA Analysis

The PCA plot is visualized as the first two components representing the data in reduced dimensions.

## Clustering (KMeans)

Clustering identified 3 clusters in the dataset.
