
    # Automated Data Analysis Report

    ## Correlation Matrix
    The correlation matrix is shown below, displaying relationships between numerical features.
    |                           |     book_id |   goodreads_book_id |   best_book_id |     work_id |   books_count |        isbn |      isbn13 |      authors |   original_publication_year |   original_title |        title |   language_code |   average_rating |   ratings_count |   work_ratings_count |   work_text_reviews_count |   ratings_1 |   ratings_2 |    ratings_3 |   ratings_4 |    ratings_5 |    image_url |   small_image_url |
|:--------------------------|------------:|--------------------:|---------------:|------------:|--------------:|------------:|------------:|-------------:|----------------------------:|-----------------:|-------------:|----------------:|-----------------:|----------------:|---------------------:|--------------------------:|------------:|------------:|-------------:|------------:|-------------:|-------------:|------------------:|
| book_id                   |  1          |          0.110904   |     0.104931   |  0.0922825  |    -0.291646  | -0.0394886  | -0.0783744  | -0.0223316   |                  0.0858572  |      -0.0476214  | -0.00524522  |     0.0115018   |      -0.0360037  |     -0.599881   |         -0.607623    |               -0.546607   | -0.486362   | -0.567637   | -0.61597     | -0.620964   | -0.572266    |  0.0285986   |       0.0285986   |
| goodreads_book_id         |  0.110904   |          1          |     0.961018   |  0.854551   |    -0.241743  | -0.252035   | -0.325474   | -0.0204595   |                  0.336822   |      -0.0811645  |  0.00646675  |    -0.0098262   |      -0.0214029  |     -0.0861138  |         -0.0688252   |                0.206745   | -0.0492176  | -0.0625952  | -0.0822616   | -0.0596144  | -0.061704    | -0.0485227   |      -0.0485227   |
| best_book_id              |  0.104931   |          0.961018   |     1          |  0.821945   |    -0.233421  | -0.251169   | -0.31855    | -0.0174578   |                  0.330176   |      -0.0753495  |  0.0122714   |    -0.00208414  |      -0.0206901  |     -0.0829251  |         -0.0625584   |                0.208773   | -0.0475171  | -0.0590802  | -0.0774123   | -0.0528654  | -0.0551533   | -0.0413664   |      -0.0413664   |
| work_id                   |  0.0922825  |          0.854551   |     0.821945   |  1          |    -0.18462   | -0.217618   | -0.278842   | -0.016209    |                  0.266152   |      -0.0806205  |  0.00165886  |     0.0015754   |      -0.00433824 |     -0.0768153  |         -0.0619912   |                0.177581   | -0.0449463  | -0.0596612  | -0.0775199   | -0.0534363  | -0.0522307   | -0.0608614   |      -0.0608614   |
| books_count               | -0.291646   |         -0.241743   |    -0.233421   | -0.18462    |     1         |  0.0430326  |  0.11033    | -0.0139273   |                 -0.454994   |       0.0462319  |  0.0200303   |     0.0923679   |      -0.102144   |      0.267978   |          0.270882    |                0.1714     |  0.247405   |  0.277762   |  0.293396    |  0.283337   |  0.23492     |  0.0159082   |       0.0159082   |
| isbn                      | -0.0394886  |         -0.252035   |    -0.251169   | -0.217618   |     0.0430326 |  1          |  0.36067    |  0.0147961   |                 -0.0626154  |       0.014948   | -0.00359582  |     0.0541756   |      -0.0193711  |      0.019146   |          0.0156277   |               -0.0447731  |  0.00681505 |  0.0188728  |  0.0322939   |  0.0235814  |  0.0015732   |  0.0222938   |       0.0222938   |
| isbn13                    | -0.0783744  |         -0.325474   |    -0.31855    | -0.278842   |     0.11033   |  0.36067    |  1          |  0.00254912  |                 -0.0917883  |       0.0533591  | -0.0218636   |     0.0655871   |      -0.0690621  |      0.0341961  |          0.0319599   |               -0.0211928  |  0.0246734  |  0.0439463  |  0.0583067   |  0.0380212  |  0.0135543   |  0.00167828  |       0.00167828  |
| authors                   | -0.0223316  |         -0.0204595  |    -0.0174578  | -0.016209   |    -0.0139273 |  0.0147961  |  0.00254912 |  1           |                 -0.00600362 |       0.0393505  |  0.0350577   |    -0.0540365   |       0.00295806 |      0.0119685  |          0.0131113   |                0.00531805 |  0.0127527  |  0.0153666  |  0.0176952   |  0.0146659  |  0.0184655   | -0.000605178 |      -0.000605178 |
| original_publication_year |  0.0858572  |          0.336822   |     0.330176   |  0.266152   |    -0.454994  | -0.0626154  | -0.0917883  | -0.00600362  |                  1          |      -0.044429   | -0.0167486   |    -0.06694     |       0.0215784  |     -0.0901646  |         -0.0846204   |                0.0670629  | -0.0674884  | -0.0876498  | -0.098187    | -0.0739464  | -0.0806321   | -0.0371185   |      -0.0371185   |
| original_title            | -0.0476214  |         -0.0811645  |    -0.0753495  | -0.0806205  |     0.0462319 |  0.014948   |  0.0533591  |  0.0393505   |                 -0.044429   |       1          |  0.796394    |    -0.0353753   |      -0.025526   |      0.0232492  |          0.0270347   |                0.0278253  |  0.0182769  |  0.0273761  |  0.0304473   |  0.0308105  |  0.0114161   | -0.00801772  |      -0.00801772  |
| title                     | -0.00524522 |          0.00646675 |     0.0122714  |  0.00165886 |     0.0200303 | -0.00359582 | -0.0218636  |  0.0350577   |                 -0.0167486  |       0.796394   |  1           |    -0.0493291   |      -0.0384488  |     -0.0061585  |         -0.000137352 |                0.0110166  |  0.00259348 |  0.00176962 | -0.000105047 |  0.00123311 | -0.0145198   | -0.0225237   |      -0.0225237   |
| language_code             |  0.0115018  |         -0.0098262  |    -0.00208414 |  0.0015754  |     0.0923679 |  0.0541756  |  0.0655871  | -0.0540365   |                 -0.06694    |      -0.0353753  | -0.0493291   |     1           |       0.0310041  |     -0.00575687 |         -0.00924886  |               -0.0113353  | -0.00520134 | -0.00870691 | -0.0104708   | -0.00780162 | -0.000447764 |  0.0140639   |       0.0140639   |
| average_rating            | -0.0360037  |         -0.0214029  |    -0.0206901  | -0.00433824 |    -0.102144  | -0.0193711  | -0.0690621  |  0.00295806  |                  0.0215784  |      -0.025526   | -0.0384488   |     0.0310041   |       1          |      0.0385753  |          0.0386793   |               -0.0476351  | -0.12226    | -0.199327   | -0.129423    |  0.0190353  |  0.165441    | -0.00345457  |      -0.00345457  |
| ratings_count             | -0.599881   |         -0.0861138  |    -0.0829251  | -0.0768153  |     0.267978  |  0.019146   |  0.0341961  |  0.0119685   |                 -0.0901646  |       0.0232492  | -0.0061585   |    -0.00575687  |       0.0385753  |      1          |          0.946537    |                0.583935   |  0.685051   |  0.738778   |  0.813547    |  0.882114   |  0.84838     | -0.0419701   |      -0.0419701   |
| work_ratings_count        | -0.607623   |         -0.0688252  |    -0.0625584  | -0.0619912  |     0.270882  |  0.0156277  |  0.0319599  |  0.0131113   |                 -0.0846204  |       0.0270347  | -0.000137352 |    -0.00924886  |       0.0386793  |      0.946537   |          1           |                0.617041   |  0.664537   |  0.750207   |  0.836965    |  0.916951   |  0.847453    | -0.0393832   |      -0.0393832   |
| work_text_reviews_count   | -0.546607   |          0.206745   |     0.208773   |  0.177581   |     0.1714    | -0.0447731  | -0.0211928  |  0.00531805  |                  0.0670629  |       0.0278253  |  0.0110166   |    -0.0113353   |      -0.0476351  |      0.583935   |          0.617041    |                1          |  0.513894   |  0.57474    |  0.586196    |  0.619666   |  0.582712    | -0.0637657   |      -0.0637657   |
| ratings_1                 | -0.486362   |         -0.0492176  |    -0.0475171  | -0.0449463  |     0.247405  |  0.00681505 |  0.0246734  |  0.0127527   |                 -0.0674884  |       0.0182769  |  0.00259348  |    -0.00520134  |      -0.12226    |      0.685051   |          0.664537    |                0.513894   |  1          |  0.770763   |  0.653045    |  0.612061   |  0.639039    | -0.03699     |      -0.03699     |
| ratings_2                 | -0.567637   |         -0.0625952  |    -0.0590802  | -0.0596612  |     0.277762  |  0.0188728  |  0.0439463  |  0.0153666   |                 -0.0876498  |       0.0273761  |  0.00176962  |    -0.00870691  |      -0.199327   |      0.738778   |          0.750207    |                0.57474    |  0.770763   |  1          |  0.867285    |  0.728502   |  0.634639    | -0.0519799   |      -0.0519799   |
| ratings_3                 | -0.61597    |         -0.0822616  |    -0.0774123  | -0.0775199  |     0.293396  |  0.0322939  |  0.0583067  |  0.0176952   |                 -0.098187   |       0.0304473  | -0.000105047 |    -0.0104708   |      -0.129423   |      0.813547   |          0.836965    |                0.586196   |  0.653045   |  0.867285   |  1           |  0.863316   |  0.699578    | -0.0430187   |      -0.0430187   |
| ratings_4                 | -0.620964   |         -0.0596144  |    -0.0528654  | -0.0534363  |     0.283337  |  0.0235814  |  0.0380212  |  0.0146659   |                 -0.0739464  |       0.0308105  |  0.00123311  |    -0.00780162  |       0.0190353  |      0.882114   |          0.916951    |                0.619666   |  0.612061   |  0.728502   |  0.863316    |  1          |  0.777082    | -0.0417465   |      -0.0417465   |
| ratings_5                 | -0.572266   |         -0.061704   |    -0.0551533  | -0.0522307  |     0.23492   |  0.0015732  |  0.0135543  |  0.0184655   |                 -0.0806321  |       0.0114161  | -0.0145198   |    -0.000447764 |       0.165441   |      0.84838    |          0.847453    |                0.582712   |  0.639039   |  0.634639   |  0.699578    |  0.777082   |  1           | -0.0401271   |      -0.0401271   |
| image_url                 |  0.0285986  |         -0.0485227  |    -0.0413664  | -0.0608614  |     0.0159082 |  0.0222938  |  0.00167828 | -0.000605178 |                 -0.0371185  |      -0.00801772 | -0.0225237   |     0.0140639   |      -0.00345457 |     -0.0419701  |         -0.0393832   |               -0.0637657  | -0.03699    | -0.0519799  | -0.0430187   | -0.0417465  | -0.0401271   |  1           |       1           |
| small_image_url           |  0.0285986  |         -0.0485227  |    -0.0413664  | -0.0608614  |     0.0159082 |  0.0222938  |  0.00167828 | -0.000605178 |                 -0.0371185  |      -0.00801772 | -0.0225237   |     0.0140639   |      -0.00345457 |     -0.0419701  |         -0.0393832   |               -0.0637657  | -0.03699    | -0.0519799  | -0.0430187   | -0.0417465  | -0.0401271   |  1           |       1           |

## PCA Analysis

The PCA plot is visualized as the first two components representing the data in reduced dimensions.

## Clustering (KMeans)

Clustering identified 3 clusters in the dataset.
